
Текущий номер цикла: 0
Напряжения в узлах
i    Uмодуль      Uфаза
1 530,0000	0,0000
2 540,0000	-50,4241
3 525,0000	-84,0348
4 500,0000	-40,0000
5 525,0000	-43,9745
6 525,0000	-44,3026
7 525,0000	-43,7575
8 525,0000	-43,9331
9 542,0000	-43,7889
10 542,0000	-45,9673
11 510,0000	-39,7198
12 525,0000	-50,0403
13 831,2625	-56,5589
14 817,5030	-60,0000
15 729,8357	-60,0000
16 434,8625	-11,4513
17 878,6488	-46,8886
18 815,8136	-46,4789
19 949,2031	-46,2105
20 242,0000	-41,0015
21 2064,2419	-46,0640
22 397,2904	-46,3076
23 882,3759	-44,5051
24 878,5455	-43,3250
25 575,8016	-40,0000
26 585,9126	-40,0000
27 615,3532	-40,0000
28 669,6575	-41,7679
29 1618,7419	-42,6883
30 805,2929	-46,9404
31 602,8781	-46,5023
32 915,9390	-46,4817
33 2189,4463	-47,7811
34 419,7359	-55,9540
35 80,2850	-127,2764
36 447,6145	-75,0314
37 290,6333	-69,3448
38 8,4524	-142,5808
39 81,1018	-101,7014
40 484,9752	-82,6614
41 651,6518	-63,5688
42 503,2153	-88,6573
43 453,1929	-30,9801
44 654,8933	-60,5074
45 1271,4427	-56,4625
46 1767,5632	-54,3637
47 820,7947	-56,8082
48 832,1955	-56,5589
49 817,4122	-60,0000
50 632,7874	-60,6922
51 716,6202	-47,8678
52 733,9922	-48,0356
53 732,9479	-48,2496
54 1929,8591	-49,0314
55 729,8366	-60,0000
56 795,5392	-54,8054
57 784,4796	-52,4945
58 700,8891	-46,6650
59 979,0666	-50,0483
60 993,3543	-50,3909
61 479,0262	-45,1624
62 443,0510	-46,6871
63 985,2980	-50,2086

Количество итераций: 500
Режим не сошелся!!

Токи в ветвях схемы
i,j,     Iакт,     Iреакт,    Iмод,    Iфаз
1,16 4,9846	-5,9925	7,7947	-50,2464
2,34 -5,4124	-8,6240	10,1817	-122,1122
3,42 -0,9029	-2,0240	2,2163	-114,0424
4,28 6,9213	6,4642	9,4705	43,0441
5,53 1,7225	1,0417	2,0130	31,1644
6,51 9,3259	5,9443	11,0593	32,5135
7,52 1,7261	1,0546	2,0228	31,4226
8,58 4,7473	3,3570	5,8143	35,2654
9,61 -4,4411	-6,7155	8,0512	-123,4777
10,62 -6,6988	-7,2470	9,8687	-132,7489
11,25 3,3150	3,6597	4,9378	47,8296
12,31 1,1859	2,6421	2,8960	65,8271
13,48 0,0056	0,0037	0,0067	33,4411
14,49 -0,0006	-0,0003	0,0007	-150,0000
15,55 0,0000	0,0000	0,0000	30,0000
16,34 2,1564	-1,5771	2,6716	-36,1799
16,37 1,7334	-2,5592	3,0910	-55,8893
17,18 -0,6884	-0,6276	0,9316	-137,6463
17,32 0,2995	0,4712	0,5583	57,5583
18,23 0,1808	0,5816	0,6091	72,7278
18,28 -1,1525	-0,6046	1,3015	-152,3193
18,30 -0,0476	-0,2807	0,2847	-99,6325
18,31 -0,9660	-1,0687	1,4406	-132,1118
19,21 0,3846	0,4727	0,6094	50,8613
19,22 -1,5690	-1,5465	2,2030	-135,4127
19,24 -0,5450	-0,1737	0,5720	-162,3224
19,32 -0,1930	-0,2928	0,3507	-123,3852
19,59 0,3569	-0,1154	0,3751	-17,9227
20,22 3,6012	2,5731	4,4260	35,5456
21,29 -1,9242	-1,2956	2,3198	-146,0477
21,33 0,8339	0,2778	0,8790	18,4253
23,24 -0,4654	0,2907	0,5488	148,0108
23,32 0,3516	0,0108	0,3518	1,7597
24,25 -1,7473	-1,7955	2,5054	-134,2213
25,26 0,7207	0,9767	1,2138	53,5763
26,27 0,7857	1,1045	1,3555	54,5739
27,28 0,6519	0,4480	0,7910	34,4987
28,29 2,7591	2,2578	3,5651	39,2938
28,30 0,7289	0,3380	0,8034	24,8816
28,31 -0,0297	-1,3765	1,3768	-91,2360
33,54 -1,0144	-1,3831	1,7152	-126,2558
34,35 -2,1887	-2,6935	3,4706	-129,0962
34,39 -1,8989	-2,0875	2,8220	-132,2916
35,36 2,2831	1,2604	2,6079	28,9009
35,39 0,3623	1,0053	1,0686	70,1806
36,55 1,0794	1,6522	1,9735	56,8414
37,38 -1,5123	-0,7485	1,6874	-153,6671
37,40 1,2481	-0,1275	1,2546	-5,8312
38,39 2,8707	-0,1451	2,8743	-2,8928
38,43 3,1493	5,7448	6,5514	61,2683
39,42 5,3783	0,7651	5,4324	8,0963
40,41 0,7470	2,1760	2,3006	71,0540
40,42 0,2640	-0,4815	0,5491	-61,2665
41,44 -1,2685	0,5651	1,3887	155,9892
42,50 0,2784	3,7001	3,7105	85,6970
43,45 5,3179	2,3012	5,7945	23,3995
44,49 0,9184	0,7204	1,1672	38,1083
44,50 -1,4818	-1,2842	1,9608	-139,0874
45,46 2,0552	1,9432	2,8284	43,3964
45,50 1,6422	-0,6074	1,7510	-20,2976
46,47 0,1879	-0,5176	0,5507	-70,0527
46,54 0,0499	1,0758	1,0770	87,3464
47,55 -0,5095	-1,0116	1,1327	-116,7317
48,49 0,0970	-0,2518	0,2698	-68,9231
48,51 -1,1191	0,0440	1,1200	177,7482
51,52 1,6753	1,4080	2,1884	40,0450
51,53 1,8357	1,0784	2,1291	30,4317
51,56 0,6062	-0,0557	0,6088	-5,2466
51,58 -0,3472	0,0010	0,3472	179,8363
51,62 3,2795	3,4877	4,7874	46,7620
52,54 1,4360	0,9707	1,7333	34,0564
53,54 1,4189	1,0154	1,7448	35,5901
55,56 0,0559	0,6570	0,6594	85,1323
56,57 -0,4118	0,2272	0,4703	151,1168
57,58 -0,9689	-0,0668	0,9712	-176,0575
58,59 1,2899	1,0004	1,6324	37,7946
58,61 2,1413	2,3733	3,1965	47,9419
59,60 0,1782	0,0745	0,1932	22,6940
59,63 0,0561	0,0162	0,0584	16,0731
60,63 -0,0546	-0,0181	0,0575	-161,6381
61,62 -0,1498	-0,6688	0,6854	-102,6220

Перетоки мощности в ветвях схемы
i,j,     Pi,     Qi,    Pj,    Qj
1,16 4575,7807	-5501,0789	4575,7807	-3678,3791
2,34 2992,0292	-9040,7509	2992,0292	-6770,4555
3,42 1745,1880	-1007,8948	1745,1880	-828,1190
4,28 993,2708	8141,2828	993,2708	10939,5930
5,53 469,4786	1769,2633	469,4786	2512,0404
6,51 2293,6533	9791,4185	2293,6533	13534,0171
7,52 470,4779	1778,1870	470,4779	2528,1898
8,58 990,8395	5193,4223	990,8395	6988,5248
9,61 1352,8798	-7436,1728	1352,8798	-6541,6317
10,62 520,1238	-9249,8770	520,1238	-7555,2569
11,25 186,5019	4357,8337	186,5019	4921,0645
12,31 -1148,9398	2369,5758	-1148,9398	2797,3098
13,48 0,0000	9,7065	0,0000	9,7173
14,49 0,0000	-0,9290	0,0000	-0,9289
15,55 0,0000	0,0075	0,0000	0,0075
16,34 1827,7324	-841,7670	1827,7324	657,0923
16,37 1662,3381	-1630,0418	1513,2884	362,0645
17,18 -18,7479	-1417,6030	-26,8187	-1316,0672
17,32 -211,9675	822,7579	-214,8661	859,2238
18,23 -419,9483	751,2019	-425,9577	827,6548
18,28 -501,9734	-1769,1814	-529,9214	-1413,4787
18,30 241,2740	-321,9731	240,7146	-315,8924
18,31 155,0007	-2029,6559	115,1562	-1499,8486
19,21 -262,7104	2117,6815	-262,7104	2162,9133
19,22 50,4307	-3621,5820	50,4307	-3228,4609
19,24 -413,8795	-844,3865	-421,9275	-761,2566
19,32 127,9797	-562,1579	126,0613	-541,8668
19,59 543,0561	292,2563	538,7082	338,2673
20,22 431,6009	1804,2860	431,6009	3014,9201
21,29 -1437,9152	-8168,4041	-1502,8134	-6328,0064
21,33 1353,4483	2836,2066	1344,7570	3049,8975
23,24 -818,7779	-181,7570	-818,7779	-164,1393
23,32 371,6762	388,4585	371,6762	416,3015
24,25 -59,6390	-3811,9755	-183,9249	-2491,9085
25,26 -75,5113	1208,1808	-76,8373	1229,3963
26,27 -109,6954	1371,1926	-115,2073	1440,0914
27,28 225,3228	812,4152	217,8143	891,2542
28,29 1394,2257	8864,6357	1394,2257	9897,9644
28,30 369,3566	855,5625	349,6042	1064,7058
28,31 1037,7889	-1213,7226	1021,2976	-1011,8465
33,54 1299,6080	-6373,3602	1267,8347	-5591,3817
34,35 731,7075	-2414,7243	482,3725	-15,3263
34,39 484,5874	-1993,5446	341,2424	-201,7316
35,36 -331,7540	146,4784	-486,8231	1962,4190
35,39 -141,7552	-44,5782	-148,6069	21,1975
36,55 -1021,2825	1139,3249	-1126,4424	2225,9776
37,38 84,0323	-845,2334	24,2419	-4,7500
37,40 281,6700	565,2771	240,1144	1026,1668
38,39 -32,0873	27,2236	-61,8295	399,0002
38,43 -201,7541	-89,1909	-201,7541	5138,5985
39,42 -258,4636	718,0015	-556,8217	4702,0122
40,41 -1732,7127	855,7788	-1824,0144	1848,1883
40,42 429,4644	168,2616	424,9417	220,1829
41,44 -1208,4490	-998,2255	-1266,3038	-936,8995
42,50 -3218,3802	318,1550	-3386,8999	2251,1753
43,45 2649,0338	3697,3434	2246,1252	12561,3319
44,49 -198,3461	1309,0698	-233,0886	1636,0579
44,50 440,3865	-2180,1452	432,3123	-2105,1710
45,46 -1066,4830	6136,7063	-1169,2002	8579,8402
45,50 3113,0129	2275,4505	3113,0129	2648,8728
46,47 1623,1017	-455,8979	1623,1017	-382,0265
46,54 -2587,8848	2043,0451	-2605,9786	2483,5599
47,55 807,0140	-1393,4893	785,4596	-1197,1905
48,49 379,8901	-83,2757	377,3785	-59,2520
48,51 -941,8893	-1311,1190	-972,3711	-993,5065
51,52 98,9301	2714,4584	93,1833	2780,5464
51,53 535,9143	2587,7194	530,4749	2650,2731
51,56 556,0234	511,6693	544,1269	638,4164
51,58 -290,0421	-318,7976	-290,1578	-305,7759
51,62 -479,6397	5922,7874	-479,6397	7957,9767
52,54 697,2693	5019,8128	697,2693	5751,6757
53,54 546,6681	5064,8538	546,6681	5806,4302
55,56 -683,8694	476,5002	-695,3469	584,7540
56,57 -582,8788	-283,3103	-585,5733	-255,9679
57,58 -729,5532	-1099,6031	-748,2288	-911,1500
58,59 191,3260	1972,4171	104,1910	2766,2251
58,61 -311,6729	3867,9042	-311,6729	5746,8926
59,60 97,1743	312,8040	96,6930	317,9526
59,63 40,1062	90,5963	40,1062	91,2855
60,63 -35,8706	-92,2543	-35,8706	-91,3924
61,62 305,8813	-479,3916	294,6071	-435,7042

Потери мощности и напряжения в ЛЭП
i,j,     dP,     dQ,    dU
1,16 0,0000	1822,6998	-103,7939
2,34 0,0000	2270,2954	-109,0412
3,42 0,0000	179,7758	-42,7693
4,28 0,0000	2798,3102	116,4409
5,53 0,0000	742,7771	110,2444
6,51 0,0000	3742,5987	105,0180
7,52 0,0000	750,0028	111,6037
8,58 0,0000	1795,1026	102,9156
9,61 0,0000	894,5411	-53,5054
10,62 0,0000	1694,6201	-72,8022
11,25 0,0000	563,2308	48,8085
12,31 0,0000	427,7340	77,7957
13,48 0,0000	0,0109	0,5141
14,49 0,0000	0,0001	-0,0454
15,55 0,0000	0,0000	0,0004
16,34 0,0000	1498,8593	-191,2135
16,37 149,0497	1992,1063	-323,6869
17,18 8,0708	101,5358	-38,6983
17,32 2,8986	36,4659	30,2183
18,23 6,0094	76,4529	67,5133
18,28 27,9481	355,7027	-62,3235
18,30 0,5594	6,0807	-11,9659
18,31 39,8445	529,8073	-146,8104
19,24 8,0480	83,1299	-17,7405
19,32 1,9184	20,2911	-26,1563
19,59 4,3478	46,0110	-28,1603
20,22 0,0000	1210,6342	91,8075
21,29 64,8982	1840,3977	-242,4210
21,33 8,6913	213,6909	38,9486
23,24 0,0000	17,6177	9,8191
23,32 0,0000	27,8430	1,4032
24,25 124,2859	1320,0669	-198,0294
25,26 1,3260	21,2155	7,7455
26,27 5,5119	68,8988	22,5528
27,28 7,5085	78,8390	28,0753
28,30 19,7524	209,1433	50,3576
28,31 16,4913	201,8761	-84,4869
33,54 31,7734	781,9785	-205,9295
34,35 249,3350	2399,3980	-283,6180
34,39 143,3450	1791,8130	-251,4409
35,36 155,0691	1815,9407	164,2396
35,39 6,8516	65,7758	32,1771
36,55 105,1599	1086,6527	249,3041
37,38 59,7905	840,4834	-109,2322
37,40 41,5556	460,8897	-40,5722
38,39 29,7421	371,7765	-9,7354
39,42 298,3581	3984,0107	28,2395
40,41 91,3017	992,4095	228,1180
40,42 4,5228	51,9213	-50,1559
41,44 57,8548	61,3261	32,3463
42,50 168,5197	1933,0202	297,9593
43,45 402,9086	8863,9885	313,9074
44,49 34,7425	326,9881	86,2948
44,50 8,0741	74,9742	-12,6609
45,46 102,7172	2443,1339	327,3987
46,54 18,0938	440,5148	235,4527
47,55 21,5544	196,2988	-84,4206
48,49 2,5116	24,0238	-49,8999
48,51 30,4818	317,6125	22,1341
51,52 5,7468	66,0880	10,0573
51,53 5,4394	62,5537	7,3202
51,56 11,8964	126,7471	-22,2269
51,58 0,1157	13,0217	0,2543
55,56 11,4775	108,2537	93,5949
56,57 2,6944	27,3424	19,1080
57,58 18,6755	188,4531	3,3732
58,59 87,1350	793,8080	147,7048
59,60 0,4813	5,1486	4,6102
59,63 0,0000	0,6892	1,8856
60,63 0,0000	0,8618	-2,7246
61,62 11,2742	43,6874	-33,8363

Потери мощности в трансформаторах
i,j,     dPTM,     dQTM,    dPTC,    dPQC
19,21 0,0000	45,2317	0,0000	0,0000
19,22 0,0000	393,1210	0,0000	0,0000
28,29 0,0000	1033,3288	0,0000	0,0000
38,43 0,0000	5227,7894	0,0000	0,0000
45,50 0,0000	373,4223	0,0000	0,0000
46,47 0,0000	73,8714	0,0000	0,0000
51,62 0,0000	2035,1893	0,0000	0,0000
52,54 0,0000	731,8629	0,0000	0,0000
53,54 0,0000	741,5763	0,0000	0,0000
58,61 0,0000	1878,9884	0,0000	0,0000
