
Текущий номер цикла: 0
Напряжения в узлах
i    Uмодуль      Uфаза
1 231,0000	0,0000
2 227,8189	-0,6914
3 224,8992	-1,5012
4 9,9291	-4,8157
5 212,7018	-4,9985
6 35,5001	-4,9679
7 10,0345	-6,3919

Количество итераций: 5

Токи в ветвях схемы
i,j,     Iакт,     Iреакт,    Iмод,    Iфаз
1,2 0,1494	-0,0999	0,1797	-33,7689
1,3 0,1042	-0,0621	0,1213	-30,8128
2,3 0,0612	-0,0324	0,0692	-27,9349
2,5 0,0880	-0,0863	0,1233	-44,4274
3,4 0,1643	-0,1212	0,2041	-36,4243
5,6 0,0499	-0,0534	0,0731	-46,9581
5,7 0,0381	-0,0321	0,0498	-40,0864

Перетоки мощности в ветвях схемы
i,j,     Pi,     Qi,    Pj,    Qj
1,2 59,7816	-39,9733	59,4298	-38,7085
1,3 41,6798	-24,8588	41,1992	-23,1308
2,3 24,2873	-12,5053	24,1482	-12,0049
2,5 35,1425	-33,6251	35,0756	-28,8411
3,4 65,2010	-45,5238	64,9990	-40,0010
5,6 20,0205	-18,0010	19,9990	-18,0010
5,7 15,0090	-10,5437	14,9990	-10,0010

Потери мощности и напряжения в ЛЭП
i,j,     dP,     dQ,    dU
1,2 0,3518	1,2648	-3,1977
1,3 0,4806	1,7279	-6,1780
2,3 0,1392	0,5004	-2,9803

Потери мощности в трансформаторах
i,j,     dPTM,     dQTM,    dPTC,    dPQC
2,5 0,0668	4,7840	0,0530	0,3400
3,4 0,2020	5,5228	0,1463	0,7900
5,6 0,0215	0,0000	0,0000	0,0000
5,7 0,0100	0,5427	0,0000	0,0000
