
Текущий номер цикла: 0
Напряжения в узлах
i    Uмодуль      Uфаза
1 23,5906	-16,8955
2 218,8628	-0,9455
3 5,4963	-27,8750
4 216,6548	-2,0223
5 231,0000	0,0000
6 9,2502	-7,0520
7 141,3873	-17,0717

Количество итераций: 12

Токи в ветвях схемы
i,j,     Iакт,     Iреакт,    Iмод,    Iфаз
1,7 -0,1219	0,2160	0,2480	119,4416
2,4 0,0720	-0,0183	0,0743	-14,2880
2,5 -0,2873	0,4584	0,5410	122,0765
2,7 0,2148	-0,4573	0,5052	-64,8346
3,7 -0,0929	0,2413	0,2585	111,0629
4,5 -0,1598	0,1691	0,2326	133,3776
4,6 0,2305	-0,2131	0,3139	-42,7491

Перетоки мощности в ветвях схемы
i,j,     Pi,     Qi,    Pj,    Qj
1,7 -43,8013	41,8033	44,0720	-41,8033
2,4 27,4145	-1,5203	-27,2541	10,8069
2,5 -111,7533	173,8087	114,9401	-181,3161
2,7 84,2900	-171,9746	-83,1673	91,6014
3,7 -38,8013	33,8033	39,0953	-49,7981
4,5 -62,1608	66,7911	63,9290	-61,4128
4,6 89,2791	-76,8648	-88,8013	63,8033

Потери мощности и напряжения в ЛЭП
i,j,     dP,     dQ,    dU
2,4 0,1604	0,5767	-2,3132
2,5 3,1868	11,4566	12,1670
4,5 1,7682	6,3568	14,4802

Потери мощности в трансформаторах
i,j,     dPTM,     dQTM,    dPTC,    dPQC
1,7 0,2706	0,0000	0,0000	0,0000
2,7 1,1227	80,3732	0,0489	0,3138
3,7 0,2940	15,9948	0,0000	0,0000
4,6 0,4777	13,0615	0,1358	0,7332
