
Текущий номер цикла: 0
Напряжения в узлах
i    Uмодуль      Uфаза
1 1,5847	-5,7125
2 1,0975	-167,4183
3 54,6110	8,7661
4 330,0000	0,0000
5 6,3000	-68,5848

Количество итераций: 50
Режим не сошелся!!

Токи в ветвях схемы
i,j,     Iакт,     Iреакт,    Iмод,    Iфаз
1,2 -0,2300	-3,8115	3,8184	-93,4533
1,5 0,8165	0,1452	0,8293	10,0864
2,3 -0,4000	2,4742	2,5064	99,1841
3,4 0,0898	0,8530	0,8577	83,9913

Перетоки мощности в ветвях схемы
i,j,     Pi,     Qi,    Pj,    Qj
1,2 2,1911	-55,5374	2,0050	6,9762
1,5 2,1904	0,6198	1,7777	8,8733
2,3 -0,8174	-13,7677	-1,7295	237,0691
3,4 52,5215	199,1408	51,3198	487,5661

Потери мощности и напряжения в ЛЭП
i,j,     dP,     dQ,    dU
1,5 0,4127	8,2535	0,7234

Потери мощности в трансформаторах
i,j,     dPTM,     dQTM,    dPTC,    dPQC
1,2 0,1861	62,5137	0,0000	0,0022
2,3 0,9121	250,8367	0,0054	0,1972
3,4 1,2018	288,4253	0,0110	0,8000
