
Текущий номер цикла: 0
Напряжения в узлах
i    Uмодуль      Uфаза
1 11,0000	0,0000
2 11,0000	30,5849
3 11,0000	34,1243
4 10,2785	26,7815
5 11,0000	38,9556

Количество итераций: 5

Токи в ветвях схемы
i,j,     Iакт,     Iреакт,    Iмод,    Iфаз
1,2 0,0125	0,4946	0,4948	88,5523
1,3 -1,8492	-1,0137	2,1088	-151,2687
1,4 0,6524	0,2034	0,6833	17,3191
1,5 -0,6941	-0,8111	1,0676	-130,5534

Перетоки мощности в ветвях схемы
i,j,     Pi,     Qi,    Pj,    Qj
1,2 0,2382	9,4238	5,0000	7,9916
1,3 -35,2313	-19,3136	-40,0000	3,7762
1,4 12,4292	3,8758	12,0000	-2,0000
1,5 -13,2242	-15,4544	-20,0000	-3,7036

Потери мощности и напряжения в ЛЭП
i,j,     dP,     dQ,    dU
1,2 -4,7618	-1,4323	-1,5304
1,3 4,7687	23,0898	-1,8940
1,4 0,4292	-5,8758	-1,8241
1,5 6,7758	11,7508	-2,4460

Потери мощности в трансформаторах
i,j,     dPTM,     dQTM,    dPTC,    dPQC
