
Текущий номер цикла: 0
Напряжения в узлах
i    Uмодуль      Uфаза
1 6,3469	-5,6486
2 7,0000	0,0000
3 5,5434	-16,4362
4 5,2977	-31,5842
5 6,3000	-30,8393
6 5,0731	-35,8078
7 3,3618	-51,0087
8 6,3000	-30,3061
9 4,4983	-33,3634

Количество итераций: 8

Токи в ветвях схемы
i,j,     Iакт,     Iреакт,    Iмод,    Iфаз
1,2 -1,0907	0,6872	1,2891	147,7863
2,3 1,3629	-0,8399	1,6009	-31,6421
3,4 0,7661	-0,2535	0,8069	-18,3073
3,9 0,5968	-0,5864	0,8367	-44,4943
4,5 0,1864	0,9137	0,9325	78,4666
5,6 0,0470	-0,6794	0,6810	-86,0385
6,7 0,1450	-1,5630	1,5697	-84,6987
6,8 -0,0980	0,8837	0,8891	96,3274
8,9 -0,0931	-0,7193	0,7253	-97,3714

Перетоки мощности в ветвях схемы
i,j,     Pi,     Qi,    Pj,    Qj
1,2 -12,6753	6,3377	-13,2237	8,3318
2,3 16,5247	-10,1828	14,8331	-4,0317
3,4 7,7437	-0,2530	7,2065	1,7005
3,9 7,0894	-3,7787	6,3963	-1,2585
4,5 -2,9337	8,0381	-3,3642	9,6034
5,6 4,2410	-6,1018	3,8278	-4,5993
6,7 9,0688	-10,3925	7,6052	-5,0701
6,8 -5,2410	5,7932	-5,7888	7,7851
8,9 3,0839	-7,2884	2,4764	-5,0792

Потери мощности и напряжения в ЛЭП
i,j,     dP,     dQ,    dU
1,2 0,5484	1,9942	0,6839
2,3 1,6915	6,1511	-1,6831
3,4 0,5372	1,9535	-0,8039
3,9 0,6931	2,5202	-1,5599
4,5 0,4305	1,5653	0,8963
5,6 0,4132	1,5025	-1,2950
6,7 1,4637	5,3224	-1,9989
6,8 0,5478	1,9919	1,3249
8,9 0,6075	2,2092	-1,6821

Потери мощности в трансформаторах
i,j,     dPTM,     dQTM,    dPTC,    dPQC
