
Текущий номер цикла: 0
Напряжения в узлах
i    Uмодуль      Uфаза
1 115,0000	0,0000
2 110,8348	-2,2494
3 4,1192	-90,7910
4 112,3165	-62,0433
5 6,1134	-170,7819
6 115,5631	10,9455

Количество итераций: 500
Режим не сошелся!!

Токи в ветвях схемы
i,j,     Iакт,     Iреакт,    Iмод,    Iфаз
1,2 7,4491	-3,9004	8,4084	-27,6372
2,3 13,5265	-49,5919	51,4036	-74,7434
2,6 -9,0707	-1,5161	9,1965	-170,5113
3,4 21,6300	21,1647	30,2622	44,3771
4,5 -15,7367	-16,4290	22,7499	-133,7669
5,6 -12,4758	25,3152	28,2225	116,2350

Перетоки мощности в ветвях схемы
i,j,     Pi,     Qi,    Pj,    Qj
1,2 1483,7467	-776,9104	1458,2941	-692,0683
2,3 2968,3557	-9410,9889	352,4538	101,3816
2,6 -1728,5440	-359,1626	-1840,1834	46,7989
3,4 -153,1183	152,2225	-1664,1906	5647,0311
4,5 1387,9050	-4202,4610	192,3470	145,0227
5,6 87,4565	-285,7557	-1489,6275	5449,0954

Потери мощности и напряжения в ЛЭП
i,j,     dP,     dQ,    dU
1,2 25,4526	84,8422	-4,2506
2,3 2615,9018	9512,3705	-110,8063
2,6 111,6394	405,9616	2,7113
3,4 1511,0723	5494,8085	52,7114
4,5 1195,5580	4347,4837	-58,6889
5,6 1577,0840	5734,8511	119,4952

Потери мощности в трансформаторах
i,j,     dPTM,     dQTM,    dPTC,    dPQC
