
Текущий номер цикла: 0
Напряжения в узлах
i    Uмодуль      Uфаза
1 115,0000	0,0000
2 138,7315	-136,3825
3 128,0931	-142,3711
4 264,3054	26,3670
5 69,9552	-170,6979
6 43,1707	-167,3558

Количество итераций: 500
Режим не сошелся!!

Токи в ветвях схемы
i,j,     Iакт,     Iреакт,    Iмод,    Iфаз
1,2 212,3132	-247,2615	325,9067	-49,3487
2,3 -7,7016	-2,6045	8,1300	-161,3158
2,6 -34,3151	11,6050	36,2244	161,3150
3,4 -77,4569	76,3456	108,7576	135,4140
4,5 40,7932	-51,8459	65,9703	-51,8038
5,6 -2,0706	5,9045	6,2570	109,3249

Перетоки мощности в ветвях схемы
i,j,     Pi,     Qi,    Pj,    Qj
1,2 42289,7911	-49250,9845	4052,3395	78207,1923
2,3 1771,4936	-823,5522	1706,0570	-585,6009
2,6 4045,8139	-7706,9586	2313,7023	-1408,3708
3,4 3268,5241	-23906,9850	-16248,0429	47062,3511
4,5 6190,9767	-29559,1954	-3862,3312	6998,2885
5,6 131,9465	-746,5661	54,4291	-464,6846

Потери мощности и напряжения в ЛЭП
i,j,     dP,     dQ,    dU
1,2 38237,4516	127458,1768	-215,4363
2,3 65,4366	237,9514	-1,0112
2,6 1732,1116	6298,5878	58,3125
3,4 19516,5670	70969,3361	338,2566
4,5 10053,3079	36557,4839	-305,8443
5,6 77,5174	281,8815	26,9115

Потери мощности в трансформаторах
i,j,     dPTM,     dQTM,    dPTC,    dPQC
