
Текущий номер цикла: 0
Напряжения в узлах
i    Uмодуль      Uфаза
1 6,5032	-4,3464
2 7,0000	0,0000
3 5,8929	-10,5185
4 5,6464	-18,2837
5 6,3000	-16,2254
6 5,9637	-19,3121
7 5,4927	-24,9252
8 6,3000	-16,0095
9 4,8708	-22,3818

Количество итераций: 5

Токи в ветвях схемы
i,j,     Iакт,     Iреакт,    Iмод,    Iфаз
1,2 -0,8516	0,5099	0,9926	149,0885
2,3 0,9443	-0,6107	1,1246	-32,8929
3,4 0,4372	-0,1295	0,4560	-16,5006
3,9 0,5071	-0,4812	0,6991	-43,5009
4,5 -0,1791	0,6126	0,6382	106,2972
5,6 0,1629	-0,1802	0,2429	-47,8946
6,7 0,3880	-0,4121	0,5660	-46,7266
6,8 -0,2251	0,2319	0,3232	134,1512
8,9 0,2085	-0,5826	0,6188	-70,3061

Перетоки мощности в ветвях схемы
i,j,     Pi,     Qi,    Pj,    Qj
1,2 -10,0000	5,0000	-10,3251	6,1823
2,3 11,4493	-7,4049	10,6146	-4,3695
3,4 4,6291	-0,4851	4,4575	0,1388
3,9 5,9855	-3,8844	5,5016	-2,1250
4,5 -3,5425	5,1388	-3,7441	5,8719
5,6 2,2559	-1,3916	2,2033	-1,2004
6,7 5,1903	-2,6921	5,0000	-2,0000
6,8 -2,9870	1,4916	-3,0594	1,7549
8,9 3,9406	-5,4833	3,4984	-3,8750

Потери мощности и напряжения в ЛЭП
i,j,     dP,     dQ,    dU
1,2 0,3251	1,1823	0,5155
2,3 0,8347	3,0354	-1,2061
3,4 0,1716	0,6238	-0,4326
3,9 0,4838	1,7594	-1,2901
4,5 0,2016	0,7331	0,6878
5,6 0,0526	0,1912	-0,4209
6,7 0,1903	0,6921	-0,6470
6,8 0,0724	0,2633	0,4275
8,9 0,4423	1,6083	-1,5518

Потери мощности в трансформаторах
i,j,     dPTM,     dQTM,    dPTC,    dPQC
