
Текущий номер цикла: 0
Напряжения в узлах
i    Uмодуль      Uфаза
1 227,5241	-0,8212
2 231,0000	0,0000
3 197,6227	-4,0687
4 221,9918	45,2080
5 34,1723	38,7481
6 31,1549	37,0445
7 20,5000	55,3485
8 18,9656	-26,3588
9 29,3752	-14,2068
10 32,6787	-5,5498
11 167,6203	-12,9657
12 6,3000	-4,2187

Количество итераций: 11

Токи в ветвях схемы
i,j,     Iакт,     Iреакт,    Iмод,    Iфаз
1,2 -0,4570	0,4392	0,6339	136,1390
2,3 2,6313	-5,9282	6,4860	-66,0657
3,4 -2,2404	-0,6641	2,3368	-163,4890
3,8 0,7115	-1,7177	1,8592	-67,4991
3,10 0,1435	-0,0780	0,1634	-28,5319
3,11 4,0038	-3,6312	5,4052	-42,2060
4,5 0,4317	0,0528	0,4349	6,9693
4,7 -2,4845	-0,9052	2,6442	-159,9810
5,6 0,3514	0,0107	0,3516	1,7507
6,7 -1,5107	-0,3310	1,5465	-167,6402
8,9 -1,3856	1,8356	2,2999	127,0460
9,10 -0,8575	0,4662	0,9761	151,4681
9,12 -2,2399	3,7510	4,3689	120,8431

Перетоки мощности в ветвях схемы
i,j,     Pi,     Qi,    Pj,    Qj
1,2 -182,5760	170,4920	-182,8653	175,7356
2,3 1052,7848	-2371,9108	1042,3731	-1960,1736
3,4 -748,8130	-281,1577	-788,1283	431,4326
3,8 284,6491	-569,1854	274,7748	-240,0419
3,10 50,9047	-23,1591	50,8612	-21,5705
3,11 1455,2159	-1142,5680	1369,3197	-766,5530
4,5 131,3472	-103,5036	130,7304	-80,9892
4,7 -920,0350	432,7188	-926,8443	656,9588
5,6 16,6205	-12,5232	15,4856	-10,9619
6,7 -75,8279	34,8523	-77,3235	72,0768
8,9 -67,5551	33,8220	-91,2619	73,2380
9,10 -48,1174	12,2874	-50,8612	21,5705
9,12 -157,3183	157,0445	-159,7540	227,6294

Потери мощности и напряжения в ЛЭП
i,j,     dP,     dQ,    dU
1,2 0,2893	5,2436	3,4993
2,3 10,4117	411,7372	-33,8754
3,4 39,3153	712,5904	-40,7235
3,11 85,8962	376,0150	-33,7779
5,6 1,1348	1,5613	-1,7843
8,9 23,7067	39,4160	11,4830
9,10 2,7438	9,2831	4,0486

Потери мощности в трансформаторах
i,j,     dPTM,     dQTM,    dPTC,    dPQC
3,8 9,8743	329,1435	0,1698	1,0336
3,10 0,0435	1,5887	0,2466	1,4175
4,5 0,6168	22,5143	0,1556	0,8943
4,7 6,8092	224,2400	0,4039	1,8555
6,7 1,4956	37,2245	0,0255	0,1703
9,12 2,4356	70,5849	0,0639	0,2415
