
Текущий номер цикла: 0
Напряжения в узлах
i    Uмодуль      Uфаза
1 226,8508	-1,2140
2 231,0000	0,0000
3 229,7298	-1,7992
4 225,6763	-13,7104
5 23,5484	-39,8007
6 31,6252	-29,0269
7 20,5000	-12,5229
8 35,9606	-0,9784
9 37,0636	11,3620
10 37,8790	-0,1487
11 229,0721	-3,5122
12 6,3000	21,7680

Количество итераций: 500
Режим не сошелся!!

Токи в ветвях схемы
i,j,     Iакт,     Iреакт,    Iмод,    Iфаз
1,2 -0,6666	0,5207	0,8459	142,0084
2,3 1,2818	-0,2124	1,2992	-9,4092
3,4 0,6199	-0,1034	0,6285	-9,4736
3,8 -0,0563	-0,2712	0,2770	-101,7338
3,10 -0,1900	-0,1020	0,2157	-151,7658
3,11 0,9009	0,0746	0,9039	4,7349
4,5 0,5759	-1,6019	1,7023	-70,2246
4,7 -0,0215	1,2363	1,2364	90,9981
5,6 -0,5992	0,8756	1,0611	124,3852
6,7 -0,8028	1,1775	1,4252	124,2845
8,9 -1,3903	-0,7474	1,5785	-151,7368
9,10 1,1352	0,6096	1,2885	28,2342
9,12 -2,9242	-1,1350	3,1368	-158,7877

Перетоки мощности в ветвях схемы
i,j,     Pi,     Qi,    Pj,    Qj
1,2 -266,2071	198,9863	-266,7223	208,3236
2,3 512,8384	-84,9841	512,4206	-68,4625
3,4 247,8309	-33,3954	244,9871	18,1489
3,8 -19,0171	-108,5758	-19,2363	-101,2684
3,10 -74,3010	-42,9555	-74,3769	-40,1868
3,11 357,3451	40,9294	354,9428	51,4456
4,5 367,1204	-554,9576	357,6712	-210,0453
4,7 -122,7114	467,4678	-124,2003	516,4975
5,6 -41,6394	11,7939	-51,9747	26,0134
6,7 -69,7482	35,0624	-71,0183	66,6733
8,9 -85,7881	-48,0270	-96,9555	-29,4595
9,10 79,1587	24,0084	74,3769	40,1868
9,12 -198,3998	-34,4490	-199,6553	1,9367

Потери мощности и напряжения в ЛЭП
i,j,     dP,     dQ,    dU
1,2 0,5152	9,3373	4,2001
2,3 0,4178	16,5216	-1,3834
3,4 2,8438	51,5443	-10,3706
3,11 2,4023	10,5162	-0,9747
5,6 10,3353	14,2195	9,5612
8,9 11,1674	18,5675	0,3818
9,10 4,7818	16,1784	1,5417

Потери мощности в трансформаторах
i,j,     dPTM,     dQTM,    dPTC,    dPQC
3,8 0,2192	7,3074	0,2295	1,3967
3,10 0,0759	2,7687	0,3332	1,9155
4,5 9,4492	344,9122	0,1608	0,9242
4,7 1,4888	49,0297	0,4174	1,9176
6,7 1,2701	31,6109	0,0263	0,1754
9,12 1,2555	36,3856	0,1017	0,3845
