
Текущий номер цикла: 0
Напряжения в узлах
i    Uмодуль      Uфаза
1 110,0000	0,0000
2 10,0095	-5,9663
3 110,3967	6,4204
4 110,4674	13,1929
5 20,5000	37,8874
6 6,3000	8,4768
7 110,0000	0,4725
8 313,6980	-6,0166

Количество итераций: 4

Токи в ветвях схемы
i,j,     Iакт,     Iреакт,    Iмод,    Iфаз
1,2 0,2629	-0,2594	0,3693	-44,6261
1,3 -1,4084	-0,7469	1,5942	-152,0628
1,7 -0,2091	-0,1056	0,2342	-153,1987
1,8 0,0876	-0,0469	0,0994	-28,1651
3,4 -1,2826	-0,6962	1,4594	-151,5067
3,6 -0,1537	-0,0367	0,1580	-166,5857
4,5 -1,3434	-0,6667	1,4997	-153,6065

Перетоки мощности в ветвях схемы
i,j,     Pi,     Qi,    Pj,    Qj
1,2 50,0811	-49,4316	50,0000	-40,0000
1,3 -268,3346	-142,2988	-283,5829	-111,8021
1,7 -39,8354	-20,1235	-40,0000	-19,7942
1,8 50,0871	-26,8172	50,0226	-20,3615
3,4 -258,6026	-104,8650	-269,3370	-73,6841
3,6 -29,9955	-3,6797	-30,0000	-2,5917
4,5 -279,3622	-65,5268	-280,0000	56,9357

Потери мощности и напряжения в ЛЭП
i,j,     dP,     dQ,    dU
1,3 15,2483	30,4967	-0,2957
1,7 0,1646	0,3292	-0,0037
3,4 10,7344	31,1809	-2,1524

Потери мощности в трансформаторах
i,j,     dPTM,     dQTM,    dPTC,    dPQC
1,2 0,0811	9,4316	0,0150	0,5040
1,8 0,0646	6,4558	0,0226	0,3615
3,6 0,0045	1,0881	0,0151	0,8058
4,5 0,6378	122,4625	0,0252	0,6455
