
Текущий номер цикла: 0
Напряжения в узлах
i    Uмодуль      Uфаза
1 115,0000	0,0000
2 113,4244	1,2840
3 110,0000	4,4827
4 109,2648	4,2121
5 110,0000	3,8959
6 111,8541	2,2631

Количество итераций: 6

Токи в ветвях схемы
i,j,     Iакт,     Iреакт,    Iмод,    Iфаз
1,2 -2,7284	-3,1339	4,1552	-131,0435
2,3 -2,2496	-2,4144	3,3000	-132,9767
2,6 -0,4788	-0,7195	0,8642	-123,6418
3,4 0,2047	-0,1440	0,2503	-35,1219
4,5 0,0648	0,1779	0,1893	69,9802
5,6 0,5594	0,6400	0,8500	48,8454

Перетоки мощности в ветвях схемы
i,j,     Pi,     Qi,    Pj,    Qj
1,2 -543,4619	-624,2233	-549,6775	-603,5048
2,3 -452,4701	-464,2993	-463,2512	-425,0953
2,6 -97,2043	-139,2055	-98,1902	-135,6203
3,4 36,7420	-30,4006	36,6386	-30,0247
4,5 14,7040	32,6692	14,6212	32,9702
5,6 114,6199	114,4179	113,1892	119,6203

Потери мощности и напряжения в ЛЭП
i,j,     dP,     dQ,    dU
1,2 6,2156	20,7185	-1,6041
2,3 10,7811	39,2041	-3,7324
2,6 0,9859	3,5851	-1,6290
3,4 0,1034	0,3759	-0,6939
4,5 0,0828	0,3010	0,7762
5,6 1,4307	5,2025	2,0211

Потери мощности в трансформаторах
i,j,     dPTM,     dQTM,    dPTC,    dPQC
