
Текущий номер цикла: 0
Напряжения в узлах
i    Uмодуль      Uфаза
1 329,9101	0,0000
2 330,0000	0,0000
3 286,8937	4,9663
4 94,5456	2,6296
5 95,0988	2,6295
6 6,3000	7,7571
7 283,8073	3,9136
8 210,7164	-26,7429
9 312,0901	18,6678
10 20,5000	29,5837

Количество итераций: 11

Токи в ветвях схемы
i,j,     Iакт,     Iреакт,    Iмод,    Iфаз
1,2 -0,2596	0,2596	0,3671	135,0000
2,3 -0,3790	-0,9163	0,9916	-112,4717
3,4 0,1522	-0,0668	0,1662	-23,7023
3,7 0,1312	-0,0395	0,1370	-16,7509
3,8 1,7301	-0,9921	1,9944	-29,8301
3,9 -2,3834	0,0780	2,3847	178,1251
4,5 -0,0083	0,0134	0,0157	121,8367
5,6 -0,7533	0,9058	1,1781	129,7473
5,7 -0,1286	0,0249	0,1309	169,0567
9,10 -4,7194	-0,0551	4,7197	-179,3317

Перетоки мощности в ветвях схемы
i,j,     Pi,     Qi,    Pj,    Qj
1,2 -148,3329	148,3329	-148,3734	148,3734
2,3 -216,6318	-523,7276	-227,0442	-437,3020
3,4 72,4521	-39,6148	72,3187	-35,7922
3,7 63,2492	-25,1920	63,0161	-23,7672
3,8 813,8195	-565,5440	726,8314	-39,2004
3,9 -1176,5652	141,1570	-1207,1038	452,3439
4,5 -1,2584	2,2510	-1,2657	2,2641
5,6 -117,1016	154,7364	-118,6664	189,9785
5,7 -62,1637	15,0078	-62,2105	16,5029
9,10 -2426,4006	788,3595	-2440,0770	1347,8476

Потери мощности и напряжения в ЛЭП
i,j,     dP,     dQ,    dU
1,2 0,0404	0,0404	0,0899
2,3 10,4124	86,4256	-44,1834
3,7 0,2331	1,4247	-2,6711
3,8 86,9881	526,3436	-97,6396
3,9 30,5386	311,1869	9,8545
4,5 0,0074	0,0132	0,5526

Потери мощности в трансформаторах
i,j,     dPTM,     dQTM,    dPTC,    dPQC
3,4 0,1335	3,8226	0,0001	0,0446
5,6 1,5647	35,2421	0,0001	0,0855
5,7 0,0467	1,4951	0,0001	0,0554
9,10 13,6764	559,4882	0,0000	0,0000
