
Текущий номер цикла: 0
Напряжения в узлах
i    Uмодуль      Uфаза
1 20,0000	0,0000
2 548,1331	95,2604
3 82,0047	-65,0724
4 1434,1311	151,1383

Количество итераций: 500
Режим не сошелся!!

Токи в ветвях схемы
i,j,     Iакт,     Iреакт,    Iмод,    Iфаз
1,2 -134,0161	-63,2410	148,1882	-154,7378
1,4 -99,0328	-629,2501	636,9955	-98,9440
2,3 232,6736	125,5095	264,3664	28,3434
3,4 -2,0627	-259,9197	259,9279	-90,4547

Перетоки мощности в ветвях схемы
i,j,     Pi,     Qi,    Pj,    Qj
1,2 -4642,4543	-2190,7327	-48122,7458	132202,8978
1,4 -3430,5978	-21797,8637	-539038,0459	1487641,3280
2,3 98403,7550	-230893,2135	-2237,2911	37482,9094
3,4 33355,2966	-15825,6232	-307159,7281	567914,4606

Потери мощности и напряжения в ЛЭП
i,j,     dP,     dQ,    dU
1,2 43480,2915	134393,6305	-70,2537
1,4 535607,4481	1509439,1920	-1275,9944
2,3 100641,0461	268376,1229	84,8165
3,4 340515,0247	583740,0838	-1290,5572

Потери мощности в трансформаторах
i,j,     dPTM,     dQTM,    dPTC,    dPQC
