
Текущий номер цикла: 0
Напряжения в узлах
i    Uмодуль      Uфаза
1 20,5000	0,0000
2 11,1607	-16,1227
3 20,0000	19,7145
4 11,6618	-23,3491

Количество итераций: 500
Режим не сошелся!!

Токи в ветвях схемы
i,j,     Iакт,     Iреакт,    Iмод,    Iфаз
1,2 4,1698	-5,6235	7,0008	-53,4433
1,4 3,6828	-3,7824	5,2791	-45,7646
2,3 -5,0958	1,9046	5,4401	159,5064
3,4 7,6161	-2,2660	7,9460	-16,5690

Перетоки мощности в ветвях схемы
i,j,     Pi,     Qi,    Pj,    Qj
1,2 148,0567	-199,6739	107,6227	-82,0478
1,4 130,7640	-134,3014	98,5751	-40,6609
2,3 -104,8551	8,0145	-143,9194	121,6561
3,4 221,8854	-162,8928	159,3774	18,9484

Потери мощности и напряжения в ЛЭП
i,j,     dP,     dQ,    dU
1,2 40,4340	117,6261	-9,7783
1,4 32,1889	93,6405	-9,7933
2,3 39,0643	113,6416	8,1060
3,4 62,5079	181,8412	-8,1210

Потери мощности в трансформаторах
i,j,     dPTM,     dQTM,    dPTC,    dPQC
