
Текущий номер цикла: 0
Напряжения в узлах
i    Uмодуль      Uфаза
1 35,0000	0,0000
2 35,0706	0,1189
3 35,2877	0,3664
4 35,6516	0,7814
5 6,3263	4,6889
6 6,8540	8,0740
7 35,0988	0,1472
8 5,8190	-3,1564
9 5,7089	-5,2790
10 6,8631	8,1958

Количество итераций: 4

Токи в ветвях схемы
i,j,     Iакт,     Iреакт,    Iмод,    Iфаз
1,2 -0,4393	0,0904	0,4486	168,3742
1,7 -0,4556	0,1468	0,4787	162,1428
2,3 -0,8523	0,3449	0,9195	157,9713
2,9 0,4124	-0,2470	0,4808	-30,9200
3,4 -1,5556	0,6475	1,6849	157,4007
3,7 0,7032	-0,3026	0,7656	-23,2857
4,5 -1,5568	0,6928	1,7040	156,0088
5,6 -9,0812	4,0416	9,9400	156,0088
6,10 -9,0812	4,0416	9,9400	156,0088
7,8 0,2473	-0,1499	0,2892	-31,2289

Перетоки мощности в ветвях схемы
i,j,     Pi,     Qi,    Pj,    Qj
1,2 -26,6341	5,4797	-26,6764	5,5461
1,7 -27,6208	8,8985	-27,6758	8,9947
2,3 -51,7306	21,0556	-51,9588	21,4107
2,9 25,0221	-15,0579	25,0000	-12,0000
3,4 -94,8209	40,1822	-95,5023	41,2894
3,7 42,8621	-18,7725	42,7038	-18,5087
4,5 -95,5396	44,0901	-95,5539	52,2710
5,6 -95,5539	52,2710	-100,0000	62,6453
6,10 -100,0000	62,6453	-100,0000	62,9417
7,8 15,0079	-9,1522	15,0000	-8,0000

Потери мощности и напряжения в ЛЭП
i,j,     dP,     dQ,    dU
1,2 0,0423	0,0664	0,0705
1,7 0,0550	0,0962	0,0987
2,3 0,2283	0,3551	0,2165
3,4 0,6814	1,1072	0,3613
3,7 0,1583	0,2638	-0,1883
5,6 4,4461	10,3743	0,4809
6,10 0,0000	0,2964	0,0070

Потери мощности в трансформаторах
i,j,     dPTM,     dQTM,    dPTC,    dPQC
2,9 0,0221	3,0579	0,0321	0,4518
4,5 0,0142	8,1809	0,0374	2,8015
7,8 0,0079	1,1522	0,0201	0,3620
