
Текущий номер цикла: 0
Напряжения в узлах
i    Uмодуль      Uфаза
1 0,4347	-19,8904
2 5,3393	-7,1114
3 7,8651	-6,5559
4 9,6503	-5,7781
5 220,2107	-0,0728
6 220,0000	0,0000
7 5,3596	-7,1649
8 0,4377	-19,7973

Количество итераций: 501
Режим не сошелся!!

Токи в ветвях схемы
i,j,     Iакт,     Iреакт,    Iмод,    Iфаз
1,2 -0,4398	0,6376	0,7746	124,6003
2,3 -0,4399	0,6419	0,7782	124,4237
3,4 -0,8779	1,2767	1,5494	124,5132
3,7 0,4378	-0,6358	0,7720	-55,4481
4,5 -0,0439	0,0638	0,0774	124,5432
5,6 -0,0443	-0,1260	0,1335	-109,3598
7,8 0,4378	-0,6315	0,7684	-55,2686

Перетоки мощности в ветвях схемы
i,j,     Pi,     Qi,    Pj,    Qj
1,2 -4,7471	3,3873	-4,7662	5,3472
2,3 -4,7721	5,3872	-6,9523	8,0034
3,4 -13,8669	15,9132	-16,7477	19,7544
3,7 6,9147	-7,9242	4,7690	-5,3495
4,5 -16,7477	19,7334	-16,7755	24,3029
5,6 -16,8236	-48,0756	-16,8685	-48,0082
7,8 4,7631	-5,3093	4,7444	-3,3805

Потери мощности и напряжения в ЛЭП
i,j,     dP,     dQ,    dU
2,3 2,1802	2,6162	2,5154
3,4 2,8808	3,8411	1,7876
3,7 2,1456	2,5747	-2,4959
5,6 0,0449	0,0674	-0,2105

Потери мощности в трансформаторах
i,j,     dPTM,     dQTM,    dPTC,    dPQC
1,2 0,0191	1,9600	0,0059	0,0401
4,5 0,0277	4,5695	0,0481	0,3607
7,8 0,0188	1,9287	0,0059	0,0404
