
Текущий номер цикла: 0
Напряжения в узлах
i    Uмодуль      Uфаза
1 16,8054	-8,3088
2 208,8725	-0,1584
3 3,0138	-44,6773
4 185,5875	-3,4705
5 231,0000	0,0000
6 5,7646	-25,5938
7 100,1442	-8,5788

Количество итераций: 500
Режим не сошелся!!

Токи в ветвях схемы
i,j,     Iакт,     Iреакт,    Iмод,    Iфаз
1,7 0,1254	0,1695	0,2108	53,4936
2,4 0,2653	-0,3181	0,4143	-50,1751
2,5 -0,2765	0,9021	0,9435	107,0393
2,7 0,0874	-0,6030	0,6093	-81,7514
3,7 -0,2197	0,3883	0,4462	119,4989
4,5 -0,3280	0,5835	0,6694	119,3405
4,6 0,5944	-0,9222	1,0972	-57,1961

Перетоки мощности в ветвях схемы
i,j,     Pi,     Qi,    Pj,    Qj
1,7 17,3230	32,3106	17,1275	32,3106
2,4 96,2988	-114,8326	91,3154	-96,9172
2,5 -100,9228	326,0756	-110,6170	360,9265
2,7 32,2289	-218,0691	30,5959	-101,1637
3,7 -46,8551	13,2796	-47,7307	60,9221
4,5 -116,5897	180,8353	-131,2270	233,4570
4,6 208,6741	-284,3407	202,8385	-124,7983

Потери мощности и напряжения в ЛЭП
i,j,     dP,     dQ,    dU
2,4 4,9834	17,9154	-23,6246
2,5 9,6942	34,8509	22,1283
4,5 14,6373	52,6216	45,7528

Потери мощности в трансформаторах
i,j,     dPTM,     dQTM,    dPTC,    dPQC
1,7 0,1955	0,0000	0,0000	0,0000
2,7 1,6330	116,9054	0,0445	0,2858
3,7 0,8756	47,6424	0,0000	0,0000
4,6 5,8356	159,5425	0,0996	0,5380
