
Текущий номер цикла: 0
Напряжения в узлах
i    Uмодуль      Uфаза
1 17,9049	-3,7208
2 110,5124	-3,9637
3 3,8138	-36,9554
4 209,6740	-0,4478
5 180,3478	-3,7019
6 231,0000	0,0000
7 3,7230	-30,5033

Количество итераций: 500
Режим не сошелся!!

Токи в ветвях схемы
i,j,     Iакт,     Iреакт,    Iмод,    Iфаз
1,2 -1,4027	0,2933	1,4330	168,1885
2,3 0,3241	-0,3639	0,4873	-48,3087
2,4 -0,0482	0,5455	0,5477	95,0542
4,5 0,2813	-0,4144	0,5009	-55,8353
4,6 -0,3110	0,8573	0,9119	109,9368
5,6 -0,3537	0,6541	0,7436	118,3986
5,7 0,3821	-1,3361	1,3897	-74,0393

Перетоки мощности в ветвях схемы
i,j,     Pi,     Qi,    Pj,    Qj
1,2 -263,4686	37,4533	-271,7326	37,4533
2,3 66,7094	-65,2012	65,7537	-13,2025
2,4 -16,4312	103,5324	-19,0695	197,9731
4,5 103,3233	-149,7058	96,0379	-123,5146
4,6 -115,3570	310,4425	-124,4133	343,0003
5,6 -123,4403	196,7772	-141,5066	261,7262
5,7 146,0619	-408,7766	135,8308	-129,0608

Потери мощности и напряжения в ЛЭП
i,j,     dP,     dQ,    dU
4,5 7,2853	26,1911	-29,6962
4,6 9,0563	32,5578	21,3324
5,6 18,0663	64,9490	51,0285

Потери мощности в трансформаторах
i,j,     dPTM,     dQTM,    dPTC,    dPQC
1,2 8,2640	0,0000	0,0000	0,0000
2,3 0,9557	51,9987	0,0000	0,0000
2,4 2,6383	94,4406	0,0449	0,2880
5,7 10,2312	279,7158	0,0861	0,4648
