
Текущий номер цикла: 0
Напряжения в узлах
i    Uмодуль      Uфаза
1 10,5000	27,8774
2 0,6893	67,9131
3 0,0171	-163,8711
4 10,0378	7,8329
5 0,3926	179,0142
6 34,9728	-0,7260
7 0,7327	-103,0677
8 35,0000	0,0000
9 34,9726	-0,7261
10 0,1275	147,3347
11 0,3968	69,3197
12 0,0788	107,1672
13 2,0611	168,3784
14 0,0359	25,5580
15 0,0452	3,4413
16 1,3117	21,9465

Количество итераций: 501
Режим не сошелся!!

Токи в ветвях схемы
i,j,     Iакт,     Iреакт,    Iмод,    Iфаз
1,2 1,8075	-3,1326	3,6166	-60,0156
2,3 265,3418	106,1910	285,8020	21,8115
2,4 -0,2335	2,3240	2,3357	95,7382
2,5 0,0935	-0,0917	0,1310	-44,4496
4,5 0,2336	-1,4861	1,5044	-81,0657
4,16 0,0224	-0,1766	0,1780	-82,7648
5,11 -258,9978	48,5538	263,5096	169,3821
5,15 -0,0001	0,0089	0,0089	90,9632
6,8 -136,5938	-119,2517	181,3252	-138,8778
6,9 0,0450	-0,0286	0,0534	-32,4496
6,15 45,8040	39,8624	60,7208	41,0325
7,10 -0,9289	-1,0256	1,3837	-132,1678
7,15 -0,4055	0,0780	0,4129	169,1133
12,16 -0,4552	-0,6132	0,7637	-126,5873
13,14 -0,1086	1,5296	1,5335	94,0603
13,16 0,1690	1,1839	1,1959	81,8766

Перетоки мощности в ветвях схемы
i,j,     Pi,     Qi,    Pj,    Qj
1,2 27,8667	-757,4535	-2,6543	-3,4061
2,3 236,6103	-245,8881	-8,4381	-0,8397
2,4 2,4663	1,3017	1,4843	40,5817
2,5 -0,0595	-0,1446	-0,0647	0,0613
4,5 0,5027	-26,1506	-0,1762	1,0077
4,16 -0,0323	-3,0954	-0,1027	-0,3913
5,11 176,6673	-29,9829	-31,6447	178,3291
5,15 0,0002	-0,0060	0,0000	0,0007
6,8 -8181,9203	-7327,8861	-8280,5568	-7229,2496
6,9 2,7500	-1,7000	2,7500	-1,7000
6,15 8195,5914	7317,0288	3,7688	2,9015
7,10 1,5344	-0,8541	0,7569	4,5221
7,15 0,3475	-9,1249	-0,0313	0,0080
12,16 -0,1842	0,2512	-1,4799	-0,9057
13,14 1,4797	-5,2707	0,5248	1,3325
13,16 4,5390	-74,2514	1,3614	2,3514

Потери мощности и напряжения в ЛЭП
i,j,     dP,     dQ,    dU
2,3 245,0484	245,0484	-0,2757
2,4 0,9820	39,2800	9,6850
2,5 0,0051	0,2059	-0,6518
4,5 0,6790	27,1584	-10,3367
5,11 208,3120	208,3120	0,5327
6,8 98,6365	98,6365	0,0300
6,9 0,0000	0,0000	-0,0001

Потери мощности в трансформаторах
i,j,     dPTM,     dQTM,    dPTC,    dPQC
1,2 30,5210	754,0474	0,0005	0,0033
4,16 0,0704	2,7041	0,0004	0,0027
5,15 0,0002	0,0067	0,0000	0,0000
6,15 8191,8226	-7314,1274	0,0000	0,0000
7,10 0,7775	5,3762	0,0001	0,0004
7,15 0,3788	9,1329	0,0000	0,0000
12,16 1,2957	-1,1569	0,0000	0,0000
13,14 0,9549	6,6031	0,0005	0,0030
13,16 3,1776	76,6028	0,0000	0,0000
