
Текущий номер цикла: 0
Напряжения в узлах
i    Uмодуль      Uфаза
1 9,8328	2,4627
2 107,7690	0,4353
3 107,7690	0,4353
4 107,3931	0,2715
5 107,3503	0,3085
6 34,9995	-0,0004
7 5,8602	-1,1650
8 35,0000	0,0000
9 34,9993	-0,0005
10 0,2837	-18,1632
11 107,3503	0,3085
12 34,5858	-2,0072
13 5,8055	-3,2620
14 0,2936	-20,0535
15 104,4849	0,0514
16 103,3175	-2,0239

Количество итераций: 16

Токи в ветвях схемы
i,j,     Iакт,     Iреакт,    Iмод,    Iфаз
1,2 0,1281	-0,1583	0,2036	-51,0167
2,3 0,0148	-0,0093	0,0175	-32,0602
2,4 0,0767	-0,0880	0,1168	-48,9224
2,5 0,0362	-0,0593	0,0695	-58,5708
4,5 -0,0098	-0,0065	0,0118	-146,5492
4,16 0,0866	-0,0818	0,1191	-43,3772
5,11 0,0151	-0,0080	0,0171	-27,8946
5,15 0,0113	-0,0579	0,0590	-78,9104
6,8 -0,2311	0,0824	0,2453	160,3816
6,9 0,0453	-0,0281	0,0533	-31,7484
6,15 0,0622	-0,0182	0,0648	-16,2985
7,10 0,8882	-0,9911	1,3308	-48,1334
7,15 -0,0733	0,0744	0,1044	134,5405
12,16 -0,0153	0,0100	0,0183	146,7049
13,14 0,8578	-0,8994	1,2428	-46,3569
13,16 -0,0711	0,0702	0,0998	135,3664

Перетоки мощности в ветвях схемы
i,j,     Pi,     Qi,    Pj,    Qj
1,2 23,7809	-32,1140	23,6842	-29,7240
2,3 2,7490	-1,7510	2,7490	-1,7510
2,4 14,2005	-16,5433	14,1980	-16,4451
2,5 6,6807	-11,1213	6,6793	-11,0633
4,5 -1,8297	-1,1964	-1,8298	-1,1947
4,16 16,0278	-15,2891	15,9963	-14,0795
5,11 2,7990	-1,5010	2,7990	-1,5010
5,15 2,0505	-10,7686	2,0428	-10,4721
6,8 -14,0076	4,9928	-14,0078	4,9930
6,9 2,7490	-1,7010	2,7490	-1,7010
6,15 11,2586	-3,2918	11,2492	-3,3002
7,10 9,2181	-9,8743	8,4989	-4,9009
7,15 -13,2208	12,8991	-13,2450	13,4833
12,16 -2,7990	1,7010	-2,7997	1,7003
13,14 9,1258	-8,5382	8,4986	-4,2009
13,16 -13,1284	11,5626	-13,1505	12,0966

Потери мощности и напряжения в ЛЭП
i,j,     dP,     dQ,    dU
2,3 0,0000	0,0000	0,0000
2,4 0,0025	0,0982	-0,3740
2,5 0,0014	0,0580	-0,4172
4,5 0,0000	0,0017	-0,0432
5,11 0,0000	0,0000	0,0000
6,8 0,0002	0,0002	0,0005
6,9 0,0000	0,0000	-0,0001

Потери мощности в трансформаторах
i,j,     dPTM,     dQTM,    dPTC,    dPQC
1,2 0,0967	2,3899	0,0539	0,3490
4,16 0,0315	1,2096	0,0497	0,3052
5,15 0,0077	0,2965	0,0497	0,3050
6,15 0,0093	-0,0083	0,0000	0,0000
7,10 0,7192	4,9734	0,0037	0,0238
7,15 0,0242	0,5842	0,0000	0,0000
12,16 0,0007	-0,0007	0,0000	0,0000
13,14 0,6273	4,3374	0,0036	0,0234
13,16 0,0222	0,5340	0,0000	0,0000

Текущий номер цикла: 1
Напряжения в узлах
i    Uмодуль      Uфаза
1 9,8902	2,7130
2 108,1900	0,6048
3 108,1900	0,6048
4 107,8045	0,4371
5 107,7391	0,4650
6 34,9995	-0,0004
7 5,8602	-1,1745
8 35,0000	0,0000
9 34,9994	-0,0005
10 0,2837	-18,1729
11 107,7391	0,4650
12 34,7387	-1,8215
13 5,8332	-3,0641
14 0,2967	-19,5963
15 104,4848	0,0419
16 103,7741	-1,8381

Количество итераций: 15

Токи в ветвях схемы
i,j,     Iакт,     Iреакт,    Iмод,    Iфаз
1,2 0,1344	-0,1646	0,2125	-50,7663
2,3 0,0148	-0,0092	0,0174	-31,8905
2,4 0,0791	-0,0901	0,1199	-48,6986
2,5 0,0402	-0,0637	0,0754	-57,7361
4,5 -0,0073	-0,0097	0,0121	-126,8428
4,16 0,0864	-0,0806	0,1182	-43,0183
5,11 0,0151	-0,0079	0,0170	-27,7379
5,15 0,0179	-0,0655	0,0679	-74,7157
6,8 -0,2114	0,0594	0,2196	164,2966
6,9 0,0453	-0,0281	0,0533	-31,7484
6,15 0,0556	-0,0105	0,0566	-10,7000
7,10 0,8880	-0,9912	1,3308	-48,1418
7,15 -0,0732	0,0744	0,1044	134,5318
12,16 -0,0153	0,0100	0,0182	146,8911
13,14 0,8560	-0,8832	1,2300	-45,8958
13,16 -0,0709	0,0691	0,0990	135,7586

Перетоки мощности в ветвях схемы
i,j,     Pi,     Qi,    Pj,    Qj
1,2 24,9700	-33,7196	24,8646	-31,1152
2,3 2,7490	-1,7510	2,7490	-1,7510
2,4 14,6496	-17,0338	14,6470	-16,9303
2,5 7,4116	-12,0197	7,4099	-11,9515
4,5 -1,3679	-1,7970	-1,3680	-1,7952
4,16 16,0149	-15,1740	15,9839	-13,9831
5,11 2,7990	-1,5010	2,7990	-1,5010
5,15 3,2430	-12,2574	3,2327	-11,8636
6,8 -12,8155	3,6030	-12,8157	3,6032
6,9 2,7490	-1,7010	2,7490	-1,7010
6,15 10,0665	-1,9020	10,0594	-1,9084
7,10 9,2182	-9,8740	8,4990	-4,9007
7,15 -13,2208	12,8988	-13,2451	13,4830
12,16 -2,7990	1,7010	-2,7997	1,7003
13,14 9,1134	-8,4485	8,4990	-4,2004
13,16 -13,1160	11,4730	-13,1378	11,9978

Потери мощности и напряжения в ЛЭП
i,j,     dP,     dQ,    dU
2,3 0,0000	0,0000	0,0000
2,4 0,0026	0,1035	-0,3826
2,5 0,0017	0,0681	-0,4484
4,5 0,0000	0,0018	-0,0658
5,11 0,0000	0,0000	0,0000
6,8 0,0001	0,0001	0,0005
6,9 0,0000	0,0000	-0,0001

Потери мощности в трансформаторах
i,j,     dPTM,     dQTM,    dPTC,    dPQC
1,2 0,1054	2,6044	0,0544	0,3518
4,16 0,0310	1,1908	0,0501	0,3076
5,15 0,0103	0,3938	0,0500	0,3072
6,15 0,0071	-0,0063	0,0000	0,0000
7,10 0,7192	4,9732	0,0037	0,0238
7,15 0,0242	0,5842	0,0000	0,0000
12,16 0,0007	-0,0007	0,0000	0,0000
13,14 0,6143	4,2481	0,0036	0,0236
13,16 0,0218	0,5248	0,0000	0,0000

Текущий номер цикла: 2
Напряжения в узлах
i    Uмодуль      Uфаза
1 9,9495	2,9731
2 108,6233	0,7814
3 108,6233	0,7814
4 108,2277	0,6097
5 108,1391	0,6282
6 34,9996	-0,0004
7 5,8602	-1,1844
8 35,0000	0,0000
9 34,9995	-0,0005
10 0,2837	-18,1827
11 108,1391	0,6281
12 34,8952	-1,6286
13 5,8615	-2,8587
14 0,2998	-19,1348
15 104,4849	0,0320
16 104,2416	-1,6450

Количество итераций: 15

Токи в ветвях схемы
i,j,     Iакт,     Iреакт,    Iмод,    Iфаз
1,2 0,1411	-0,1712	0,2218	-50,5064
2,3 0,0147	-0,0091	0,0173	-31,7139
2,4 0,0816	-0,0922	0,1231	-48,4694
2,5 0,0444	-0,0683	0,0814	-56,9532
4,5 -0,0046	-0,0130	0,0137	-109,4565
4,16 0,0862	-0,0794	0,1172	-42,6582
5,11 0,0150	-0,0078	0,0170	-27,5748
5,15 0,0248	-0,0734	0,0775	-71,3364
6,8 -0,1908	0,0359	0,1941	169,3339
6,9 0,0453	-0,0281	0,0533	-31,7484
6,15 0,0487	-0,0026	0,0488	-3,0984
7,10 0,8879	-0,9913	1,3308	-48,1517
7,15 -0,0732	0,0745	0,1044	134,5220
12,16 -0,0152	0,0099	0,0181	147,0839
13,14 0,8542	-0,8673	1,2173	-45,4351
13,16 -0,0708	0,0680	0,0981	136,1517

Перетоки мощности в ветвях схемы
i,j,     Pi,     Qi,    Pj,    Qj
1,2 26,2185	-35,4057	26,1036	-32,5684
2,3 2,7490	-1,7510	2,7490	-1,7510
2,4 15,1212	-17,5495	15,1184	-17,4403
2,5 8,1787	-12,9547	8,1767	-12,8751
4,5 -0,8835	-2,4188	-0,8836	-2,4165
4,16 16,0020	-15,0625	15,9714	-13,8902
5,11 2,7990	-1,5010	2,7990	-1,5010
5,15 4,4941	-13,8023	4,4807	-13,2900
6,8 -11,5657	2,1782	-11,5658	2,1783
6,9 2,7490	-1,7010	2,7490	-1,7010
6,15 8,8167	-0,4772	8,8114	-0,4819
7,10 9,2182	-9,8739	8,4990	-4,9007
7,15 -13,2208	12,8988	-13,2451	13,4830
12,16 -2,7990	1,7010	-2,7997	1,7003
13,14 9,1008	-8,3617	8,4990	-4,2005
13,16 -13,1035	11,3865	-13,1249	11,9023

Потери мощности и напряжения в ЛЭП
i,j,     dP,     dQ,    dU
2,3 0,0000	0,0000	0,0000
2,4 0,0027	0,1092	-0,3916
2,5 0,0020	0,0796	-0,4806
4,5 0,0001	0,0023	-0,0889
5,11 0,0000	0,0000	0,0000
6,8 0,0001	0,0001	0,0004
6,9 0,0000	0,0000	-0,0001

Потери мощности в трансформаторах
i,j,     dPTM,     dQTM,    dPTC,    dPQC
1,2 0,1148	2,8373	0,0548	0,3546
4,16 0,0305	1,1723	0,0505	0,3100
5,15 0,0133	0,5123	0,0504	0,3095
6,15 0,0053	-0,0047	0,0000	0,0000
7,10 0,7192	4,9732	0,0037	0,0238
7,15 0,0242	0,5842	0,0000	0,0000
12,16 0,0007	-0,0007	0,0000	0,0000
13,14 0,6018	4,1611	0,0037	0,0239
13,16 0,0214	0,5158	0,0000	0,0000

Текущий номер цикла: 3
Напряжения в узлах
i    Uмодуль      Uфаза
1 10,0107	3,2433
2 109,0696	0,9654
3 109,0695	0,9654
4 108,6634	0,7895
5 108,5510	0,7983
6 34,9997	-0,0004
7 5,8603	-1,1946
8 35,0000	0,0000
9 34,9996	-0,0005
10 0,2838	-18,1915
11 108,5509	0,7983
12 35,0558	-1,4281
13 5,8905	-2,6456
14 0,3029	-18,6670
15 104,4851	0,0218
16 104,7213	-1,4443

Количество итераций: 14

Токи в ветвях схемы
i,j,     Iакт,     Iреакт,    Iмод,    Iфаз
1,2 0,1481	-0,1780	0,2315	-50,2365
2,3 0,0147	-0,0090	0,0173	-31,5302
2,4 0,0843	-0,0944	0,1265	-48,2334
2,5 0,0488	-0,0729	0,0877	-56,2132
4,5 -0,0018	-0,0163	0,0164	-96,1919
4,16 0,0860	-0,0783	0,1163	-42,2939
5,11 0,0150	-0,0078	0,0169	-27,4049
5,15 0,0320	-0,0815	0,0876	-68,5502
6,8 -0,1692	0,0118	0,1696	176,0081
6,9 0,0453	-0,0281	0,0533	-31,7484
6,15 0,0414	0,0054	0,0418	7,4797
7,10 0,8876	-0,9914	1,3307	-48,1617
7,15 -0,0732	0,0745	0,1044	134,5120
12,16 -0,0152	0,0098	0,0181	147,2840
13,14 0,8523	-0,8515	1,2048	-44,9706
13,16 -0,0706	0,0669	0,0973	136,5488

Перетоки мощности в ветвях схемы
i,j,     Pi,     Qi,    Pj,    Qj
1,2 27,5292	-37,1761	27,4041	-34,0862
2,3 2,7490	-1,7510	2,7490	-1,7510
2,4 15,6162	-18,0908	15,6133	-17,9755
2,5 8,9837	-13,9285	8,9814	-13,8362
4,5 -0,3752	-3,0638	-0,3753	-3,0606
4,16 15,9885	-14,9530	15,9584	-13,7990
5,11 2,7990	-1,5010	2,7990	-1,5010
5,15 5,8071	-15,4075	5,7901	-14,7533
6,8 -10,2545	0,7155	-10,2545	0,7156
6,9 2,7490	-1,7010	2,7490	-1,7010
6,15 7,5054	0,9855	7,5016	0,9820
7,10 9,2177	-9,8734	8,4986	-4,9008
7,15 -13,2204	12,8982	-13,2446	13,4824
12,16 -2,7990	1,7010	-2,7997	1,7003
13,14 9,0878	-8,2765	8,4984	-4,2008
13,16 -13,0904	11,3016	-13,1115	11,8085

Потери мощности и напряжения в ЛЭП
i,j,     dP,     dQ,    dU
2,3 0,0000	0,0000	0,0000
2,4 0,0029	0,1152	-0,4010
2,5 0,0023	0,0924	-0,5136
4,5 0,0001	0,0032	-0,1127
5,11 0,0000	0,0000	0,0000
6,8 0,0001	0,0001	0,0003
6,9 0,0000	0,0000	-0,0001

Потери мощности в трансформаторах
i,j,     dPTM,     dQTM,    dPTC,    dPQC
1,2 0,1251	3,0899	0,0553	0,3575
4,16 0,0301	1,1540	0,0509	0,3125
5,15 0,0170	0,6542	0,0508	0,3118
6,15 0,0039	-0,0035	0,0000	0,0000
7,10 0,7191	4,9726	0,0037	0,0238
7,15 0,0242	0,5842	0,0000	0,0000
12,16 0,0007	-0,0006	0,0000	0,0000
13,14 0,5894	4,0757	0,0037	0,0241
13,16 0,0210	0,5069	0,0000	0,0000

Текущий номер цикла: 4
Напряжения в узлах
i    Uмодуль      Uфаза
1 10,0740	3,5237
2 109,5288	1,1569
3 109,5288	1,1569
4 109,1117	0,9766
5 108,9747	0,9754
6 34,9998	-0,0005
7 5,8603	-1,2052
8 35,0000	0,0000
9 34,9996	-0,0005
10 0,2838	-18,2018
11 108,9747	0,9754
12 35,2204	-1,2201
13 5,9202	-2,4252
14 0,3060	-18,1969
15 104,4856	0,0112
16 105,2128	-1,2362

Количество итераций: 14

Токи в ветвях схемы
i,j,     Iакт,     Iреакт,    Iмод,    Iфаз
1,2 0,1554	-0,1849	0,2416	-49,9561
2,3 0,0147	-0,0089	0,0172	-31,3386
2,4 0,0870	-0,0966	0,1300	-47,9891
2,5 0,0534	-0,0777	0,0943	-55,5090
4,5 0,0012	-0,0197	0,0198	-86,6099
4,16 0,0859	-0,0771	0,1154	-41,9241
5,11 0,0150	-0,0077	0,0168	-27,2277
5,15 0,0396	-0,0898	0,0981	-66,2069
6,8 -0,1465	-0,0129	0,1471	-174,9602
6,9 0,0453	-0,0281	0,0533	-31,7484
6,15 0,0339	0,0137	0,0365	22,0531
7,10 0,8875	-0,9916	1,3307	-48,1719
7,15 -0,0732	0,0745	0,1044	134,5017
12,16 -0,0152	0,0097	0,0180	147,4919
13,14 0,8505	-0,8358	1,1924	-44,5004
13,16 -0,0705	0,0658	0,0964	136,9516

Перетоки мощности в ветвях схемы
i,j,     Pi,     Qi,    Pj,    Qj
1,2 28,9056	-39,0349	28,7695	-35,6710
2,3 2,7490	-1,7510	2,7490	-1,7510
2,4 16,1366	-18,6589	16,1336	-18,5372
2,5 9,8281	-14,9425	9,8254	-14,8358
4,5 0,1573	-3,7324	0,1572	-3,7277
4,16 15,9763	-14,8465	15,9467	-13,7104
5,11 2,7990	-1,5010	2,7990	-1,5010
5,15 7,1836	-17,0744	7,1622	-16,2528
6,8 -8,8814	-0,7833	-8,8814	-0,7832
6,9 2,7490	-1,7010	2,7490	-1,7010
6,15 6,1324	2,4843	6,1294	2,4817
7,10 9,2177	-9,8733	8,4986	-4,9008
7,15 -13,2203	12,8981	-13,2446	13,4823
12,16 -2,7990	1,7010	-2,7997	1,7004
13,14 9,0759	-8,1936	8,4985	-4,2009
13,16 -13,0786	11,2189	-13,0993	11,7171

Потери мощности и напряжения в ЛЭП
i,j,     dP,     dQ,    dU
2,3 0,0000	0,0000	0,0000
2,4 0,0030	0,1217	-0,4107
2,5 0,0027	0,1067	-0,5476
4,5 0,0001	0,0047	-0,1369
5,11 0,0000	0,0000	0,0000
6,8 0,0001	0,0001	0,0002
6,9 0,0000	0,0000	-0,0001

Потери мощности в трансформаторах
i,j,     dPTM,     dQTM,    dPTC,    dPQC
1,2 0,1362	3,3640	0,0557	0,3605
4,16 0,0296	1,1360	0,0513	0,3151
5,15 0,0214	0,8216	0,0512	0,3143
6,15 0,0030	-0,0026	0,0000	0,0000
7,10 0,7191	4,9725	0,0037	0,0238
7,15 0,0242	0,5841	0,0000	0,0000
12,16 0,0007	-0,0006	0,0000	0,0000
13,14 0,5774	3,9927	0,0037	0,0243
13,16 0,0207	0,4982	0,0000	0,0000

Текущий номер цикла: 5
Напряжения в узлах
i    Uмодуль      Uфаза
1 10,1393	3,8150
2 110,0016	1,3564
3 110,0015	1,3564
4 109,5729	1,1716
5 109,4107	1,1600
6 34,9999	-0,0005
7 5,8603	-1,2161
8 35,0000	0,0000
9 34,9997	-0,0005
10 0,2838	-18,2123
11 109,4107	1,1600
12 35,3892	-1,0043
13 5,9505	-2,1967
14 0,3092	-17,7215
15 104,4863	0,0002
16 105,7169	-1,0202

Количество итераций: 14

Токи в ветвях схемы
i,j,     Iакт,     Iреакт,    Iмод,    Iфаз
1,2 0,1631	-0,1921	0,2520	-49,6649
2,3 0,0146	-0,0088	0,0171	-31,1391
2,4 0,0899	-0,0990	0,1337	-47,7363
2,5 0,0582	-0,0826	0,1011	-54,8334
4,5 0,0042	-0,0232	0,0236	-79,6425
4,16 0,0857	-0,0759	0,1145	-41,5489
5,11 0,0149	-0,0076	0,0168	-27,0431
5,15 0,0475	-0,0983	0,1092	-64,1959
6,8 -0,1228	-0,0383	0,1286	-162,6878
6,9 0,0453	-0,0281	0,0533	-31,7484
6,15 0,0259	0,0222	0,0341	40,5879
7,10 0,8873	-0,9917	1,3307	-48,1824
7,15 -0,0732	0,0745	0,1044	134,4911
12,16 -0,0151	0,0096	0,0179	147,7079
13,14 0,8486	-0,8202	1,1803	-44,0249
13,16 -0,0703	0,0648	0,0956	137,3599

Перетоки мощности в ветвях схемы
i,j,     Pi,     Qi,    Pj,    Qj
1,2 30,3509	-40,9868	30,2027	-37,3256
2,3 2,7490	-1,7510	2,7490	-1,7510
2,4 16,6833	-19,2548	16,6801	-19,1260
2,5 10,7142	-15,9985	10,7111	-15,8760
4,5 0,7157	-4,4260	0,7156	-4,4193
4,16 15,9643	-14,7420	15,9352	-13,6238
5,11 2,7990	-1,5010	2,7990	-1,5010
5,15 8,6277	-18,8063	8,6012	-17,7894
6,8 -7,4420	-2,3197	-7,4420	-2,3197
6,9 2,7490	-1,7010	2,7490	-1,7010
6,15 4,6930	4,0207	4,6904	4,0184
7,10 9,2177	-9,8731	8,4986	-4,9008
7,15 -13,2203	12,8979	-13,2445	13,4820
12,16 -2,7990	1,7010	-2,7997	1,7004
13,14 9,0643	-8,1125	8,4986	-4,2009
13,16 -13,0670	11,1380	-13,0874	11,6276

Потери мощности и напряжения в ЛЭП
i,j,     dP,     dQ,    dU
2,3 0,0000	0,0000	0,0000
2,4 0,0032	0,1287	-0,4207
2,5 0,0031	0,1226	-0,5825
4,5 0,0002	0,0067	-0,1617
5,11 0,0000	0,0000	0,0000
6,8 0,0000	0,0000	0,0001
6,9 0,0000	0,0000	-0,0001

Потери мощности в трансформаторах
i,j,     dPTM,     dQTM,    dPTC,    dPQC
1,2 0,1482	3,6612	0,0562	0,3636
4,16 0,0291	1,1183	0,0517	0,3177
5,15 0,0265	1,0169	0,0516	0,3168
6,15 0,0026	-0,0023	0,0000	0,0000
7,10 0,7191	4,9723	0,0037	0,0238
7,15 0,0242	0,5841	0,0000	0,0000
12,16 0,0007	-0,0006	0,0000	0,0000
13,14 0,5657	3,9116	0,0038	0,0246
13,16 0,0203	0,4896	0,0000	0,0000

Текущий номер цикла: 6
Напряжения в узлах
i    Uмодуль      Uфаза
1 10,2067	4,1172
2 110,4883	1,5640
3 110,4882	1,5640
4 110,0477	1,3745
5 109,8595	1,3523
6 34,9999	-0,0005
7 5,8604	-1,2275
8 35,0000	0,0000
9 34,9998	-0,0005
10 0,2838	-18,2229
11 109,8594	1,3522
12 35,5624	-0,7802
13 5,9816	-1,9599
14 0,3124	-17,2408
15 104,4873	-0,0112
16 106,2342	-0,7960

Количество итераций: 13

Токи в ветвях схемы
i,j,     Iакт,     Iреакт,    Iмод,    Iфаз
1,2 0,1712	-0,1995	0,2629	-49,3625
2,3 0,0146	-0,0088	0,0170	-30,9313
2,4 0,0930	-0,1014	0,1376	-47,4736
2,5 0,0633	-0,0877	0,1081	-54,1816
4,5 0,0075	-0,0268	0,0278	-74,4358
4,16 0,0855	-0,0748	0,1136	-41,1658
5,11 0,0149	-0,0075	0,0167	-26,8506
5,15 0,0558	-0,1070	0,1207	-62,4415
6,8 -0,0979	-0,0643	0,1171	-146,7128
6,9 0,0453	-0,0281	0,0533	-31,7484
6,15 0,0176	0,0309	0,0356	60,3599
7,10 0,8871	-0,9918	1,3306	-48,1890
7,15 -0,0732	0,0745	0,1044	134,4834
12,16 -0,0151	0,0095	0,0178	147,9324
13,14 0,8468	-0,8047	1,1682	-43,5403
13,16 -0,0702	0,0637	0,0948	137,7765

Перетоки мощности в ветвях схемы
i,j,     Pi,     Qi,    Pj,    Qj
1,2 31,8685	-43,0360	31,7073	-39,0528
2,3 2,7490	-1,7510	2,7490	-1,7510
2,4 17,2576	-19,8790	17,2542	-19,7428
2,5 11,6439	-17,0986	11,6404	-16,9584
4,5 1,3012	-5,1463	1,3010	-5,1370
4,16 15,9530	-14,6389	15,9243	-13,5382
5,11 2,7990	-1,5010	2,7990	-1,5010
5,15 10,1424	-20,6064	10,1100	-19,3637
6,8 -5,9335	-3,8958	-5,9336	-3,8957
6,9 2,7490	-1,7010	2,7490	-1,7010
6,15 3,1845	5,5968	3,1817	5,5943
7,10 9,2178	-9,8716	8,4989	-4,9001
7,15 -13,2205	12,8964	-13,2447	13,4805
12,16 -2,7990	1,7010	-2,7997	1,7003
13,14 9,0532	-8,0323	8,4991	-4,2004
13,16 -13,0560	11,0581	-13,0760	11,5392

Потери мощности и напряжения в ЛЭП
i,j,     dP,     dQ,    dU
2,3 0,0000	0,0000	0,0000
2,4 0,0034	0,1362	-0,4311
2,5 0,0035	0,1402	-0,6182
4,5 0,0002	0,0093	-0,1872
5,11 0,0000	0,0000	0,0000
6,8 0,0000	0,0000	0,0001
6,9 0,0000	0,0000	-0,0001

Потери мощности в трансформаторах
i,j,     dPTM,     dQTM,    dPTC,    dPQC
1,2 0,1612	3,9833	0,0567	0,3669
4,16 0,0287	1,1007	0,0522	0,3205
5,15 0,0324	1,2427	0,0520	0,3194
6,15 0,0028	-0,0025	0,0000	0,0000
7,10 0,7190	4,9715	0,0037	0,0239
7,15 0,0242	0,5840	0,0000	0,0000
12,16 0,0007	-0,0006	0,0000	0,0000
13,14 0,5541	3,8319	0,0038	0,0248
13,16 0,0200	0,4811	0,0000	0,0000

Текущий номер цикла: 7
Напряжения в узлах
i    Uмодуль      Uфаза
1 10,2763	4,4311
2 110,9888	1,7803
3 110,9888	1,7803
4 110,5358	1,5858
5 110,3208	1,5526
6 35,0000	-0,0005
7 5,8605	-1,2392
8 35,0000	0,0000
9 34,9999	-0,0005
10 0,2838	-18,2338
11 110,3208	1,5526
12 35,7398	-0,5474
13 6,0134	-1,7143
14 0,3156	-16,7534
15 104,4886	-0,0229
16 106,7642	-0,5631

Количество итераций: 13

Токи в ветвях схемы
i,j,     Iакт,     Iреакт,    Iмод,    Iфаз
1,2 0,1797	-0,2070	0,2741	-49,0488
2,3 0,0146	-0,0087	0,0170	-30,7151
2,4 0,0962	-0,1039	0,1416	-47,2021
2,5 0,0686	-0,0928	0,1154	-53,5475
4,5 0,0109	-0,0305	0,0324	-70,4079
4,16 0,0853	-0,0736	0,1127	-40,7792
5,11 0,0149	-0,0075	0,0166	-26,6503
5,15 0,0646	-0,1159	0,1327	-60,8840
6,8 -0,0718	-0,0909	0,1158	-128,3133
6,9 0,0453	-0,0281	0,0533	-31,7484
6,15 0,0089	0,0398	0,0408	77,4653
7,10 0,8869	-0,9919	1,3305	-48,1998
7,15 -0,0732	0,0745	0,1044	134,4724
12,16 -0,0150	0,0093	0,0177	148,1651
13,14 0,8449	-0,7893	1,1562	-43,0536
13,16 -0,0700	0,0626	0,0940	138,1963

Перетоки мощности в ветвях схемы
i,j,     Pi,     Qi,    Pj,    Qj
1,2 33,4619	-45,1879	33,2865	-40,8556
2,3 2,7490	-1,7510	2,7490	-1,7510
2,4 17,8606	-20,5335	17,8570	-20,3892
2,5 12,6197	-18,2440	12,6157	-18,0842
4,5 1,9155	-5,8933	1,9152	-5,8807
4,16 15,9415	-14,5387	15,9133	-13,4554
5,11 2,7990	-1,5010	2,7990	-1,5010
5,15 11,7319	-22,4761	11,6928	-20,9743
6,8 -4,3516	-5,5076	-4,3517	-5,5076
6,9 2,7490	-1,7010	2,7490	-1,7010
6,15 1,6026	7,2086	1,5989	7,2053
7,10 9,2178	-9,8713	8,4989	-4,9001
7,15 -13,2204	12,8961	-13,2447	13,4801
12,16 -2,7990	1,7010	-2,7997	1,7004
13,14 9,0419	-7,9545	8,4991	-4,2005
13,16 -13,0448	10,9806	-13,0644	11,4534

Потери мощности и напряжения в ЛЭП
i,j,     dP,     dQ,    dU
2,3 0,0000	0,0000	0,0000
2,4 0,0036	0,1443	-0,4418
2,5 0,0040	0,1598	-0,6549
4,5 0,0003	0,0126	-0,2131
5,11 0,0000	0,0000	0,0000
6,8 0,0000	0,0000	0,0000
6,9 0,0000	0,0000	-0,0001

Потери мощности в трансформаторах
i,j,     dPTM,     dQTM,    dPTC,    dPQC
1,2 0,1754	4,3323	0,0572	0,3702
4,16 0,0282	1,0833	0,0527	0,3234
5,15 0,0391	1,5018	0,0525	0,3221
6,15 0,0037	-0,0033	0,0000	0,0000
7,10 0,7189	4,9711	0,0037	0,0239
7,15 0,0242	0,5840	0,0000	0,0000
12,16 0,0007	-0,0006	0,0000	0,0000
13,14 0,5429	3,7540	0,0039	0,0251
13,16 0,0196	0,4728	0,0000	0,0000
