
Текущий номер цикла: 0
Напряжения в узлах
i    Uмодуль      Uфаза
1 11,9027	-0,3539
2 11,9124	-0,3287
3 11,9431	-0,2268
4 11,9080	-0,3346
5 12,0000	0,0000

Количество итераций: 3

Токи в ветвях схемы
i,j,     Iакт,     Iреакт,    Iмод,    Iфаз
1,2 -0,2995	0,0803	0,3100	164,9831
1,4 -0,1850	0,0197	0,1860	173,9134
2,3 -1,0256	0,2300	1,0510	167,3622
3,4 1,1535	-0,2194	1,1741	-10,7682
3,5 -2,1790	0,4493	2,2249	168,3488

Перетоки мощности в ветвях схемы
i,j,     Pi,     Qi,    Pj,    Qj
1,2 -6,1837	1,6180	-6,1880	1,6220
1,4 -3,8155	0,3830	-3,8171	0,3845
2,3 -21,1872	4,6231	-21,2336	4,6728
3,4 23,8785	-4,4434	23,8165	-4,3855
3,5 -45,1121	9,1162	-45,2903	9,3390

Потери мощности и напряжения в ЛЭП
i,j,     dP,     dQ,    dU
1,2 0,0043	0,0040	0,0097
1,4 0,0016	0,0015	0,0053
2,3 0,0464	0,0497	0,0308
3,4 0,0620	0,0579	-0,0353
3,5 0,1782	0,2228	0,0570

Потери мощности в трансформаторах
i,j,     dPTM,     dQTM,    dPTC,    dPQC
