
Текущий номер цикла: 0
Напряжения в узлах
i    Uмодуль      Uфаза
1 0,8808	-11,1976
2 0,9974	-10,1280
3 100,9290	-9,3475
4 100,9296	-9,3470
5 0,9938	-8,4154
6 1,0000	0,0000

Количество итераций: 3

Токи в ветвях схемы
i,j,     Iакт,     Iреакт,    Iмод,    Iфаз
1,2 -0,2710	0,3185	0,4182	130,3971
2,3 -0,0027	0,0032	0,0042	130,4599
3,4 -0,0035	0,0001	0,0035	178,9641
4,5 -0,0042	-0,0030	0,0052	-144,1283
5,6 -0,4208	-0,3043	0,5193	-144,1237

Перетоки мощности в ветвях схемы
i,j,     Pi,     Qi,    Pj,    Qj
1,2 -0,5000	0,3964	-0,5577	0,4593
2,3 -0,5577	0,4583	-0,5580	0,4714
3,4 -0,5987	-0,0875	-0,5987	-0,0875
4,5 -0,6394	-0,6443	-0,6398	-0,6241
5,6 -0,6398	-0,6242	-0,7288	-0,5271

Потери мощности и напряжения в ЛЭП
i,j,     dP,     dQ,    dU
1,2 0,0577	0,0630	0,1178
3,4 0,0000	0,0000	0,0007
5,6 0,0890	0,0971	0,0169

Потери мощности в трансформаторах
i,j,     dPTM,     dQTM,    dPTC,    dPQC
2,3 0,0003	0,0131	0,0407	0,0917
4,5 0,0004	0,0202	0,0407	0,0917
