
Текущий номер цикла: 0
Напряжения в узлах
i    Uмодуль      Uфаза
1 8,5615	-3,5610
2 8,7924	-2,9312
3 9,1660	-1,9630
4 10,0000	0,0000
5 8,6025	-3,5900

Количество итераций: 5

Токи в ветвях схемы
i,j,     Iакт,     Iреакт,    Iмод,    Iфаз
1,2 -0,3530	0,1083	0,3692	162,9442
1,5 -0,0424	0,0515	0,0667	129,4612
2,3 -0,9919	0,4698	1,0975	154,6564
3,4 -2,0178	0,9192	2,2173	155,5090
3,5 1,0260	-0,4494	1,1201	-23,6556

Перетоки мощности в ветвях схемы
i,j,     Pi,     Qi,    Pj,    Qj
1,2 -5,3239	1,2776	-5,4527	1,3721
1,5 -0,6747	0,7229	-0,6783	0,7260
2,3 -15,4511	6,3724	-15,9931	6,9144
3,4 -32,5160	13,4872	-34,9497	15,9209
3,5 16,5229	-6,5728	15,6761	-5,7260

Потери мощности и напряжения в ЛЭП
i,j,     dP,     dQ,    dU
1,2 0,1288	0,0945	0,2359
1,5 0,0036	0,0031	0,0407
2,3 0,5420	0,5420	0,3797
3,4 2,4337	2,4337	0,8394
3,5 0,8468	0,8468	-0,5750

Потери мощности в трансформаторах
i,j,     dPTM,     dQTM,    dPTC,    dPQC
